91
32
131
394
263
428
436
439
184
291
8
492
41
45
149
158
413
356
169
317
204
135
264
168
17
49
425
172
46
214
191
300
166
277
398
150
58
76
156
396
110
9
348
99
435
6
141
365
252
459
48
306
406
324
264
152
22
330
458
43
117
433
158
475
222
212
137
19
276
308
225
0
350
214
303
364
166
171
296
373
102
55
276
84
254
423
120
230
394
185
394
437
475
129
90
74
195
310
375
32
454
435
13
30
440
340
223
129
353
0
262
19
75
460
153
100
479
128
151
379
351
142
283
423
376
236
294
261
412
186
301
441
35
181
357
92
32
281
231
235
116
138
422
451
326
161
300
362
41
301
426
327
463
492
231
235
275
482
404
414
327
106
225
190
140
355
108
122
94
41
424
199
163
292
29
16
193
412
259
103
89
48
469
357
292
364
377
203
44
290
325
8
38
44
292
42
384
56
76
285
182
190
124
263
471
274
15
7
438
311
352
121
122
124
411
94
40
110
225
29
228
211
476
65
47
209
51
395
427
264
166
116
460
338
397
297
304
449
275
275
419
183
41
393
1
157
469
241
220
482
211
55
330
164
319
385
16
121
121
24
130
315
477
36
200
322
321
355
436
120
338
148
6
240
368
44
29
188
195
99
340
216
171
135
346
142
315
261
230
35
114
349
232
166
6
105
397
202
378
295
38
307
484
312
132
409
64
412
418
147
72
479
28
219
366
295
421
351
27
493
266
393
354
170
494
284
285
294
241
18
483
460
27
54
120
356
185
171
454
323
329
492
333
178
436
296
122
442
394
70
12
452
186
109
17
199
303
181
377
3
102
69
41
249
149
406
351
223
81
338
240
131
142
15
302
307
416
31
317
115
382
399
234
38
474
428
292
248
355
222
55
185
453
193
54
376
488
282
392
479
96
322
451
306
451
235
34
55
216
375
102
40
100
187
280
204
288
434
477
361
395
330
367
84
290
24
292
408
27
486
200
136
206
51
456
419
354
100
170
213
336
378
229
172
461
17
163
406
331
306
458
306
175
361
164
7
202
238
157
276
266
375
483
343
186
428
134
149
103
62
230
58
367
170
30
178
60
197
343
159
311
53
94
159
381
135
3
179
203
449
339
242
473
488
425
427
2
182
213
498
141
389
233
221
347
40
418
140
309
216
59
156
19
487
357
453
471
225
4
179
33
223
441
173
49
397
145
317
173
165
485
84
124
278
356
451
274
432
115
217
181
472
184
112
85
100
479
414
249
346
194
444
498
241
335
77
174
222
224
145
282
449
75
377
413
200
411
476
405
417
59
333
319
443
270
324
367
112
289
363
14
490
442
317
25
59
186
282
215
364
369
246
226
1
269
64
195
72
9
87
64
485
157
348
152
381
228
179
98
122
261
312
330
10
355
71
382
229
4
147
272
50
221
492
306
419
277
281
194
44
459
144
79
318
385
22
19
16
151
42
131
99
373
258
418
332
435
309
184
139
287
462
334
340
136
0
296
497
137
443
399
210
345
5
330
41
151
282
264
378
411
372
188
159
92
231
237
314
416
192
285
208
201
110
68
171
382
190
13
99
263
160
429
337
22
87
365
489
124
82
28
406
67
162
58
162
394
212
123
168
162
211
155
9
132
443
58
482
166
73
265
423
170
247
17
130
115
260
204
208
234
1
58
13
128
235
400
155
215
318
5
192
82
415
167
38
387
461
217
89
393
78
444
36
155
156
238
296
427
380
487
472
407
51
279
110
230
348
292
284
56
71
467
64
224
0
57
298
207
104
396
400
230
360
5
297
160
435
153
455
244
258
309
390
406
61
322
81
484
485
329
395
355
44
355
188
116
441
413
411
46
388
456
468
18
152
330
479
423
320
493
207
156
251
72
66
443
129
407
110
375
489
79
113
242
434
275
10
249
494
311
215
198
470
68
236
81
337
193
321
178
435
406
373
223
346
402
7
186
256
355
361
322
24
37
201
163
59
271
384
364
88
11
363
37
52
477
420
46
288
248
197
331
308
9
116
218
392
241
247
247
374
333
367
315
352
377
61
96
337
414
353
208
83
153
239
73
111
162
344
494
204
261
393
241
495
85
72
385
472
351
36
183
423
146
303
96
22
13
143
229
27
120
393
119
126
181
422
249
167
475
445
373
10
34
230
29
132
446
65
304
367
401
71
436
479
89
106
105
116
298
20
72
472
462
301
54
469
338
149
69
372
461
342
114
89
221
220
237
131
441
88
362
13
359
143
368
371
366
231
459
434
88
408
198
246
319
164
476
30
470
297
162
111
295
431
478
38
315
23
218
268
122
256
276
193
161
62
246
141
222
34
310
23
47
342
368
487
84
370
63
74
223
451
330
394
185
377
377
277
496
2
25
452
412
325
329
195
307
350
414
2
316
295
338
16
455
480
261
409
332
143
16
487
114
438
231
122
60
87
222
325
196
207
281
493
379
408
346
476
153
180
184
154
189
102
346
116
272
176
360
235
271
320
34
309
200
316
184
12
180
441
438
234
275
172
42
448
471
24
51
104
206
304
145
74
96
472
27
172
354
99
296
213
194
208
486
76
403
19
129
402
200
152
109
37
260
93
156
17
485
353
47
414
212
349
283
112
249
348
328
215
497
324
126
394
352
131
128
302
304
185
50
161
384
114
402
54
405
156
463
125
313
399
391
482
273
153
104
438
225
283
490
234
376
57
383
472
302
354
160
494
119
114
247
414
380
153
54
12
397
451
160
186
125
223
79
217
287
46
483
378
72
383
37
448
37
0
376
398
355
152
481
90
420
440
485
399
105
461
241
268
91
443
245
169
24
48
183
63
152
349
480
142
140
406
140
42
478
130
427
172
407
449
487
122
174
97
374
122
379
260
418
413
160
320
376
195
323
402
458
231
441
150
391
404
359
355
237
232
52
471
474
26
227
361
456
479
119
74
284
129
352
188
142
260
445
58
316
18
124
206
172
138
254
252
144
478
193
191
253
197
200
198
432
52
322
453
134
172
26
107
58
322
487
192
5
64
128
0
445
316
55
207
39
423
327
4
456
234
429
321
463
89
252
377
437
154
397
344
105
10
486
152
184
152
485
129
50
350
266
264
327
91
387
273
309
119
272
147
457
166
63
129
277
369
261
262
62
72
407
290
67
69
240
64
218
294
352
9
418
285
343
304
299
441
348
160
194
345
477
94
49
145
456
323
75
457
211
406
421
434
56
116
134
236
429
37
437
214
280
18
300
142
123
308
227
236
195
305
104
230
138
132
75
430
139
4
423
268
49
180
92
140
133
449
99
184
331
261
279
163
8
496
238
140
233
310
161
426
127
387
401
485
98
243
111
471
488
239
371
363
253
342
65
162
489
181
329
320
87
237
206
88
348
245
373
376
47
304
40
85
224
362
261
447
211
261
133
99
308
432
4
329
98
162
182
288
305
324
357
132
349
308
13
371
88
179
496
449
292
56
108
107
375
471
498
256
431
300
354
74
167
495
253
278
391
305
286
374
52
35
314
438
413
455
356
243
25
269
353
452
51
351
261
379
203
269
162
219
212
48
232
115
403
185
235
468
42
31
414
133
447
293
410
243
395
499
143
276
299
428
233
473
110
0
95
136
417
24
249
280
128
11
45
44
299
277
22
456
289
180
204
3
100
490
251
498
310
114
114
390
173
434
319
311
183
278
19
440
248
44
405
116
176
343
92
56
428
112
361
225
125
335
86
429
494
287
5
324
184
372
106
388
231
497
445
394
235
448
343
154
348
18
131
391
284
497
221
143
16
420
73
216
175
177
258
91
462
262
58
272
132
223
1
92
386
417
224
75
182
107
329
86
94
137
470
288
436
309
416
317
270
431
134
8
133
254
22
394
415
41
315
456
85
309
349
441
25
120
463
218
440
395
244
4
290
381
216
0
88
191
406
478
83
404
159
107
276
350
313
480
190
64
495
384
344
231
205
435
268
416
348
462
361
216
44
15
130
178
198
342
380
470
261
66
402
184
353
61
364
68
47
342
465
385
260
137
10
329
249
214
308
4
340
188
345
105
217
45
456
449
376
326
84
335
295
321
4
405
115
255
408
14
301
437
95
14
7
118
57
74
445
454
117
316
18
99
416
271
136
249
284
393
217
66
459
18
391
87
380
145
23
68
206
390
317
39
97
423
428
292
274
340
438
219
125
357
383
360
158
154
35
175
421
239
158
279
143
399
97
260
174
132
446
169
385
141
389
370
86
114
34
491
361
401
470
426
478
18
335
406
206
418
300
47
287
325
246
284
238
34
61
372
255
304
419
318
120
214
120
456
131
201
462
58
370
430
303
205
312
211
329
346
30
126
318
165
359
481
55
322
146
306
3
191
315
235
24
358
185
15
414
451
27
183
475
473
476
187
40
381
402
13
10
443
484
392
289
261
240
422
498
456
353
116
347
142
456
248
478
370
34
330
235
149
190
52
214
110
37
383
381
458
488
122
54
154
121
426
273
175
155
461
350
272
240
320
38
147
480
232
201
453
188
96
463
76
101
45
327
446
420
192
358
164
319
392
416
114
33
381
375
395
143
145
65
358
459
78
15
443
227
21
76
487
171
285
2
343
347
457
310
459
176
92
291
396
166
171
13
312
429
148
17
306
100
374
472
43
290
45
170
406
339
33
36
6
207
92
189
481
88
108
174
337
83
456
417
180
26
453
65
340
447
317
61
466
191
372
142
358
257
11
111
165
127
188
296
447
308
26
211
424
85
242
472
127
39
63
250
41
417
224
335
89
24
422
102
228
287
100
256
272
312
246
222
410
248
396
325
289
210
260
216
27
258
112
499
10
465
467
272
271
186
175
368
83
31
152
224
496
41
76
482
421
2
42
11
254
296
103
443
89
73
139
340
409
326
33
60
57
261
286
70
271
399
431
380
235
410
11
287
174
484
183
88
184
245
113
367
138
351
480
414
266
121
446
71
228
21
89
151
377
227
93
248
183
340
207
90
405
300
30
443
55
260
370
201
354
375
229
45
260
188
211
373
190
489
68
477
319
303
69
19
262
435
228
219
341
101
103
211
180
236
219
60
41
386
223
373
146
66
264
417
346
91
305
193
161
367
216
179
478
1
288
477
54
61
370
389
79
379
407
339
257
164
0
227
165
381
297
54
44
260
396
359
114
97
141
33
152
193
323
332
57
419
330
349
60
317
24
328
47
54
216
481
95
418
466
291
348
190
384
362
102
234
237
231
178
25
267
34
218
61
365
59
344
256
399
171
262
306
463
302
327
85
268
398
267
451
192
408
428
176
297
422
125
28
145
165
256
127
472
28
0
357
125
378
315
200
236
322
48
370
192
225
21
340
194
226
228
343
332
402
167
203
314
53
7
130
354
186
22
360
491
22
334
314
425
497
318
276
124
22
339
499
422
64
435
275
135
432
155
166
120
245
51
328
82
408
440
108
377
340
446
344
416
277
191
468
251
346
129
123
335
481
423
447
104
288
31
475
325
425
479
412
401
109
166
446
330
79
236
30
150
461
242
353
75
61
139
151
356
470
88
329
202
445
287
312
121
203
420
468
187
400
193
33
327
407
294
294
128
445
385
388
273
140
453
353
149
53
335
247
87
130
107
195
88
330
216
415
318
127
137
309
405
419
112
305
73
330
453
347
103
143
94
105
261
185
174
60
292
22
275
91
466
37
314
492
469
106
493
332
299
130
360
498
392
440
149
488
65
81
30
37
23
273
89
403
39
476
151
45
19
316
134
137
159
67
161
9
377
159
442
403
87
26
428
15
350
347
7
365
289
183
444
53
20
430
442
40
479
286
423
316
231
439
425
296
187
196
224
109
9
217
301
476
356
190
241
318
17
489
367
138
214
41
361
122
23
71
298
326
461
105
426
346
406
278
275
103
6
468
411
444
472
458
367
67
308
158
443
28
109
298
253
137
72
76
440
361
459
16
445
151
404
71
124
18
483
417
433
119
319
243
66
499
330
52
26
332
132
119
237
183
1
222
92
488
134
132
360
421
41
412
218
124
378
431
1
229
106
470
394
297
384
14
38
46
156
367
122
342
51
231
85
58
97
256
312
313
21
182
463
499
411
100
361
65
85
109
84
462
168
66
459
379
427
408
29
355
248
200
183
415
23
472
30
70
41
472
166
17
169
409
104
234
171
307
219
318
318
369
71
145
312
168
299
122
173
464
416
104
12
419
351
445
46
140
428
442
229
36
146
260
478
49
163
82
228
3
124
483
400
168
409
411
130
30
67
342
314
340
164
457
184
268
77
22
437
409
471
2
442
198
239
82
64
202
288
320
451
302
171
20
485
420
498
263
170
137
255
339
401
488
91
157
438
306
303
208
124
294
243
395
387
207
110
91
450
456
178
427
279
404
101
477
155
31
18
262
45
237
206
57
188
318
186
152
128
102
65
272
87
40
460
181
477
194
82
23
197
372
51
195
116
490
9
125
419
116
21
467
146
45
472
43
125
435
382
151
158
356
444
438
285
237
334
182
234
144
140
253
45
92
162
421
274
276
200
74
157
115
152
378
349
166
470
223
312
204
225
249
302
71
272
230
415
287
493
336
364
321
27
35
270
58
47
229
126
326
93
158
272
64
277
472
199
68
184
3
423
292
497
358
242
420
288
488
117
240
394
491
338
388
384
239
224
345
322
217
139
355
309
30
134
51
249
192
263
366
169
49
405
87
444
467
353
62
164
272
363
114
419
242
349
138
406
307
270
105
199
279
361
424
11
47
181
220
484
411
321
481
105
203
217
441
148
312
211
26
273
142
184
12
305
185
372
59
6
389
313
394
323
427
160
284
372
